%YAML:1.0
---
K: !!opencv-matrix
   rows: 3
   cols: 3
   dt: d
   data: [ 1.5111473213197519e+03, 0., 8.1364261830003102e+02, 0.,
       1.5086133442840730e+03, 4.5375092942298312e+02, 0., 0., 1. ]
D: !!opencv-matrix
   rows: 1
   cols: 5
   dt: d
   data: [ 1.6262667675486955e-01, -4.4030023684858521e-01,
       3.0738894057371234e-03, 1.2116013688074086e-02,
       -1.1970675953091223e+00 ]
